ID	Genotype	artemisinin	lumefantrine	amodiaquine	piperaquine	artemisinin+lumefantrine	artemisinin+amodiaquine	artemisinin+piperaquine	
0	KNY--C1	0.7154	0.6748	0.8676	0.9061	0.9144	0.9647	0.9756	
1	KNY--C2	0.7124	0.6845	0.8644	0.212	0.9171	0.9643	0.7738	
2	KNY--Y1	0.2577	0.6834	0.8679	0.9035	0.7756	0.9059	0.9319	
3	KNY--Y2	0.2549	0.689	0.8638	0.2118	0.7742	0.905	0.4236	
4	KYY--C1	0.71	0.795	0.6962	0.9043	0.9441	0.914	0.9756	
5	KYY--C2	0.7197	0.7954	0.6759	0.2172	0.9414	0.9148	0.7807	
6	KYY--Y1	0.2688	0.7964	0.6813	0.8988	0.8536	0.7798	0.9273	
7	KYY--Y2	0.2696	0.7979	0.6934	0.2108	0.8577	0.7758	0.4425	
8	KNF--C1	0.723	0.5876	0.9198	0.9064	0.8872	0.9797	0.9726	
9	KNF--C2	0.7069	0.5769	0.9216	0.2136	0.8826	0.9831	0.7866	
10	KNF--Y1	0.2665	0.5862	0.9256	0.9069	0.7022	0.9431	0.927	
11	KNF--Y2	0.2602	0.5919	0.9169	0.2152	0.703	0.9485	0.437	
12	KYF--C1	0.7116	0.6848	0.7572	0.9039	0.9127	0.9372	0.9737	
13	KYF--C2	0.7138	0.6796	0.7532	0.2164	0.9159	0.933	0.7842	
14	KYF--Y1	0.2684	0.6871	0.7587	0.9032	0.7727	0.8191	0.9303	
15	KYF--Y2	0.2597	0.6837	0.7545	0.2179	0.7776	0.8254	0.4346	
16	KNYNYC1	0.7128	0.4732	0.8689	0.9027	0.8529	0.963	0.9753	
17	KNYNYC2	0.7143	0.4738	0.8657	0.2077	0.8568	0.9657	0.784	
18	KNYNYY1	0.2673	0.4813	0.8694	0.8982	0.6269	0.9068	0.9345	
19	KNYNYY2	0.26	0.4718	0.8687	0.2181	0.6298	0.9078	0.4342	
20	KYYYYC1	0.7181	0.6057	0.6851	0.8998	0.8949	0.9158	0.9751	
21	KYYYYC2	0.7139	0.6156	0.6912	0.2057	0.8994	0.92	0.7888	
22	KYYYYY1	0.2549	0.6063	0.6898	0.902	0.7264	0.7775	0.9303	
23	KYYYYY2	0.262	0.6071	0.689	0.2121	0.7215	0.7831	0.4237	
24	KNFNFC1	0.7148	0.3771	0.9222	0.8995	0.8329	0.9797	0.9741	
25	KNFNFC2	0.7129	0.368	0.9213	0.2147	0.8223	0.9813	0.7843	
26	KNFNFY1	0.2649	0.3779	0.9223	0.8991	0.5509	0.9504	0.9335	
27	KNFNFY2	0.2635	0.3757	0.9201	0.2158	0.5535	0.9452	0.4364	
28	KYFYFC1	0.7065	0.4896	0.758	0.9061	0.8594	0.9353	0.9741	
29	KYFYFC2	0.7144	0.4836	0.7558	0.2125	0.8537	0.9366	0.7808	
30	KYFYFY1	0.264	0.4704	0.7586	0.9069	0.6303	0.8251	0.9311	
31	KYFYFY2	0.2624	0.469	0.7537	0.2176	0.6368	0.8291	0.4335	
32	TNY--C1	0.7193	0.7192	0.8123	0.8992	0.9229	0.9525	0.974	
33	TNY--C2	0.709	0.7171	0.8123	0.2123	0.9249	0.9504	0.777	
34	TNY--Y1	0.2647	0.7293	0.8121	0.8974	0.8015	0.8678	0.9284	
35	TNY--Y2	0.2633	0.7198	0.8159	0.2158	0.8028	0.8642	0.4328	
36	TYY--C1	0.7094	0.845	0.6337	0.9063	0.9582	0.9035	0.9738	
37	TYY--C2	0.7061	0.8358	0.6374	0.2218	0.9578	0.9023	0.7837	
38	TYY--Y1	0.2642	0.8446	0.6375	0.9016	0.8941	0.7397	0.9328	
39	TYY--Y2	0.2582	0.8382	0.6411	0.2137	0.8885	0.7442	0.4282	
40	TNF--C1	0.7182	0.6263	0.8531	0.9028	0.9026	0.9598	0.9733	
41	TNF--C2	0.7211	0.6327	0.8565	0.2217	0.9047	0.96	0.7831	
42	TNF--Y1	0.2536	0.6334	0.8525	0.9086	0.7436	0.8977	0.9337	
43	TNF--Y2	0.2618	0.6331	0.8437	0.2114	0.7435	0.8937	0.4276	
44	TYF--C1	0.7151	0.7301	0.7178	0.8958	0.9217	0.9224	0.9729	
45	TYF--C2	0.7189	0.7215	0.7198	0.2092	0.9255	0.9242	0.7816	
46	TYF--Y1	0.267	0.7214	0.7151	0.9054	0.8054	0.7978	0.9305	
47	TYF--Y2	0.2657	0.7302	0.7229	0.2078	0.801	0.8002	0.4254	
48	TNYNYC1	0.7212	0.5258	0.8141	0.9003	0.87	0.9496	0.9716	
49	TNYNYC2	0.7131	0.5312	0.8132	0.2171	0.8714	0.9476	0.7846	
50	TNYNYY1	0.2629	0.5353	0.8113	0.9075	0.6656	0.8688	0.9303	
51	TNYNYY2	0.2688	0.5281	0.8171	0.2161	0.6594	0.8665	0.4347	
52	TYYYYC1	0.7143	0.6809	0.6333	0.8996	0.9101	0.9018	0.9763	
53	TYYYYC2	0.7148	0.6899	0.6375	0.2086	0.9135	0.9005	0.7895	
54	TYYYYY1	0.2585	0.6883	0.6517	0.9037	0.7752	0.7471	0.93	
55	TYYYYY2	0.256	0.6821	0.6435	0.2145	0.7663	0.7497	0.4374	
56	TNFNFC1	0.7105	0.4273	0.845	0.9031	0.838	0.96	0.9775	
57	TNFNFC2	0.7135	0.4358	0.8467	0.2122	0.8488	0.9592	0.7852	
58	TNFNFY1	0.2555	0.4266	0.8538	0.9039	0.5854	0.8931	0.933	
59	TNFNFY2	0.2606	0.4262	0.8518	0.2161	0.5865	0.8894	0.4334	
60	TYFYFC1	0.7207	0.5278	0.707	0.9005	0.8706	0.9265	0.9742	
61	TYFYFC2	0.7105	0.5227	0.7099	0.2138	0.8702	0.9224	0.7813	
62	TYFYFY1	0.2535	0.5418	0.7135	0.9036	0.6674	0.7974	0.9349	
63	TYFYFY2	0.2643	0.5298	0.7217	0.2177	0.6661	0.8026	0.4244