ID	Genotype	artemisinin	lumefantrine	amodiaquine	piperaquine	artemisinin+lumefantrine	artemisinin+amodiaquine	artemisinin+piperaquine	
0	KNY--C1	0.7129	0.679	0.8633	0.905	0.9114	0.9662	0.9749	
1	KNY--C2	0.714	0.6773	0.8621	0.7731	0.9096	0.9643	0.935	
2	KNY--Y1	0.2616	0.6855	0.8686	0.9023	0.7792	0.9048	0.9338	
3	KNY--Y2	0.2688	0.6828	0.8676	0.7704	0.7781	0.9028	0.8346	
4	KYY--C1	0.7149	0.791	0.6853	0.9058	0.9432	0.92	0.9757	
5	KYY--C2	0.7089	0.7903	0.685	0.772	0.9436	0.9194	0.9368	
6	KYY--Y1	0.2614	0.7904	0.6905	0.9032	0.8527	0.7768	0.9338	
7	KYY--Y2	0.2683	0.7968	0.6893	0.7728	0.8545	0.7862	0.8401	
8	KNF--C1	0.7178	0.5807	0.927	0.8994	0.8834	0.9794	0.9756	
9	KNF--C2	0.714	0.5853	0.926	0.7809	0.8877	0.977	0.9388	
10	KNF--Y1	0.2575	0.5871	0.9184	0.9067	0.6986	0.9463	0.9295	
11	KNF--Y2	0.2604	0.5875	0.9231	0.7711	0.7011	0.9462	0.838	
12	KYF--C1	0.7161	0.6843	0.7547	0.9	0.9077	0.9349	0.9724	
13	KYF--C2	0.7219	0.6854	0.7599	0.7725	0.9146	0.9344	0.9401	
14	KYF--Y1	0.2531	0.6797	0.7591	0.904	0.7725	0.8275	0.9306	
15	KYF--Y2	0.2622	0.683	0.7549	0.7752	0.7765	0.8279	0.844	
16	KNYNYC1	0.7134	0.4881	0.8644	0.8986	0.8622	0.9646	0.9775	
17	KNYNYC2	0.7081	0.4709	0.8579	0.7825	0.8622	0.9633	0.9333	
18	KNYNYY1	0.264	0.4822	0.8693	0.9054	0.6307	0.9051	0.9326	
19	KNYNYY2	0.2656	0.48	0.8654	0.7792	0.6247	0.9052	0.842	
20	KYYYYC1	0.7201	0.6104	0.6879	0.9025	0.8935	0.9154	0.9739	
21	KYYYYC2	0.7219	0.6094	0.687	0.7812	0.893	0.9136	0.9364	
22	KYYYYY1	0.2614	0.6158	0.6873	0.9077	0.7212	0.7735	0.933	
23	KYYYYY2	0.2642	0.614	0.6834	0.7816	0.7236	0.7746	0.8415	
24	KNFNFC1	0.7076	0.3679	0.9218	0.903	0.8275	0.9802	0.9741	
25	KNFNFC2	0.7146	0.3798	0.9219	0.7771	0.8325	0.9795	0.9374	
26	KNFNFY1	0.2673	0.389	0.9276	0.9043	0.5514	0.9445	0.9307	
27	KNFNFY2	0.2606	0.3776	0.9233	0.7788	0.5572	0.9487	0.8454	
28	KYFYFC1	0.7088	0.4911	0.7439	0.9054	0.8595	0.9359	0.9752	
29	KYFYFC2	0.7072	0.4846	0.7604	0.7769	0.8562	0.9359	0.9374	
30	KYFYFY1	0.2605	0.4726	0.7598	0.9061	0.631	0.8359	0.9334	
31	KYFYFY2	0.2555	0.4854	0.7537	0.7762	0.6264	0.8235	0.8386	
32	TNY--C1	0.7134	0.7253	0.8118	0.9036	0.9246	0.9494	0.9724	
33	TNY--C2	0.7172	0.7255	0.8144	0.7777	0.9271	0.9531	0.9365	
34	TNY--Y1	0.2656	0.728	0.8183	0.9094	0.8081	0.8704	0.9267	
35	TNY--Y2	0.2653	0.7284	0.8161	0.7719	0.8029	0.8675	0.8432	
36	TYY--C1	0.7113	0.8397	0.6359	0.9077	0.958	0.8966	0.9742	
37	TYY--C2	0.7077	0.8487	0.6438	0.769	0.9586	0.9039	0.9409	
38	TYY--Y1	0.2672	0.8474	0.6456	0.9035	0.8842	0.7427	0.9336	
39	TYY--Y2	0.276	0.8406	0.6442	0.7764	0.8915	0.7482	0.8445	
40	TNF--C1	0.7022	0.6308	0.8435	0.9034	0.9016	0.9606	0.9739	
41	TNF--C2	0.7146	0.6366	0.854	0.7798	0.8992	0.9594	0.9376	
42	TNF--Y1	0.2539	0.6325	0.8487	0.8966	0.7363	0.8927	0.9247	
43	TNF--Y2	0.2654	0.6277	0.842	0.7777	0.7463	0.8919	0.8488	
44	TYF--C1	0.7012	0.727	0.7172	0.9074	0.9276	0.9236	0.9743	
45	TYF--C2	0.7144	0.7323	0.7219	0.7759	0.9234	0.9242	0.9384	
46	TYF--Y1	0.2614	0.7325	0.7156	0.9012	0.805	0.7991	0.9321	
47	TYF--Y2	0.2608	0.7221	0.7196	0.7768	0.8107	0.8016	0.8369	
48	TNYNYC1	0.7165	0.5344	0.8134	0.8984	0.8718	0.9485	0.9729	
49	TNYNYC2	0.719	0.5278	0.8172	0.7744	0.8696	0.9467	0.942	
50	TNYNYY1	0.255	0.5235	0.8133	0.9032	0.662	0.8699	0.9267	
51	TNYNYY2	0.2568	0.5295	0.8089	0.7757	0.6658	0.8708	0.8365	
52	TYYYYC1	0.7172	0.68	0.6479	0.9072	0.9114	0.9042	0.9725	
53	TYYYYC2	0.7118	0.6754	0.6389	0.7746	0.9131	0.906	0.9382	
54	TYYYYY1	0.2686	0.676	0.6463	0.9035	0.7833	0.7421	0.9293	
55	TYYYYY2	0.2626	0.6797	0.6341	0.7627	0.7729	0.7427	0.8427	
56	TNFNFC1	0.7094	0.4249	0.8496	0.9011	0.843	0.9611	0.9755	
57	TNFNFC2	0.7131	0.4314	0.8463	0.764	0.8418	0.9608	0.9401	
58	TNFNFY1	0.2674	0.4389	0.8496	0.9058	0.5929	0.8874	0.9333	
59	TNFNFY2	0.2622	0.4246	0.8491	0.7765	0.5888	0.8904	0.8414	
60	TYFYFC1	0.7192	0.5288	0.7214	0.9059	0.8701	0.9292	0.9716	
61	TYFYFC2	0.7112	0.5406	0.712	0.7767	0.8736	0.9248	0.9409	
62	TYFYFY1	0.2572	0.5255	0.727	0.9046	0.6713	0.7984	0.9325	
63	TYFYFY2	0.255	0.5345	0.7147	0.7803	0.6577	0.7998	0.8388