ID	Genotype	artemisinin	lumefantrine	amodiaquine	piperaquine	artemisinin+lumefantrine	artemisinin+amodiaquine	artemisinin+piperaquine	
0	KNY--C1	0.7056	0.6837	0.8693	0.9035	0.9091	0.9602	0.9739	
1	KNY--C2	0.7128	0.6757	0.8665	0.7858	0.9139	0.9639	0.9369	
2	KNY--Y1	0.26	0.6903	0.8712	0.9001	0.7705	0.8993	0.9287	
3	KNY--Y2	0.2617	0.6873	0.869	0.7717	0.7746	0.9067	0.8402	
4	KYY--C1	0.7183	0.7883	0.6918	0.9038	0.9451	0.9203	0.9764	
5	KYY--C2	0.7035	0.7846	0.6803	0.7742	0.9416	0.918	0.9356	
6	KYY--Y1	0.271	0.7919	0.6884	0.8991	0.8557	0.773	0.9325	
7	KYY--Y2	0.2642	0.7934	0.6858	0.7722	0.8478	0.7724	0.8421	
8	KNF--C1	0.7149	0.5839	0.9237	0.8985	0.8838	0.9787	0.9752	
9	KNF--C2	0.7155	0.5836	0.9234	0.7742	0.8902	0.98	0.9373	
10	KNF--Y1	0.2595	0.5867	0.9241	0.9038	0.7105	0.948	0.9277	
11	KNF--Y2	0.2631	0.5864	0.9239	0.773	0.697	0.9475	0.8423	
12	KYF--C1	0.7034	0.6801	0.7571	0.899	0.9176	0.9366	0.9732	
13	KYF--C2	0.7113	0.6848	0.7558	0.7763	0.9114	0.9371	0.9391	
14	KYF--Y1	0.2706	0.6841	0.7587	0.8989	0.7747	0.8247	0.9352	
15	KYF--Y2	0.2603	0.6892	0.7586	0.7816	0.7778	0.8262	0.8432	
16	KNYNYC1	0.7185	0.476	0.8667	0.9004	0.8542	0.9649	0.9751	
17	KNYNYC2	0.7172	0.4848	0.8679	0.7709	0.8582	0.9633	0.9423	
18	KNYNYY1	0.2608	0.4892	0.8612	0.9051	0.6295	0.9015	0.9289	
19	KNYNYY2	0.2679	0.4825	0.8694	0.7708	0.6295	0.9094	0.8443	
20	KYYYYC1	0.7122	0.6107	0.6884	0.9025	0.8942	0.9135	0.9746	
21	KYYYYC2	0.7036	0.6187	0.6896	0.7791	0.8921	0.9152	0.9402	
22	KYYYYY1	0.2623	0.6102	0.6822	0.9083	0.7202	0.7839	0.9288	
23	KYYYYY2	0.2675	0.6127	0.6882	0.7669	0.7241	0.7853	0.8403	
24	KNFNFC1	0.7114	0.3755	0.9241	0.9093	0.8289	0.9814	0.9742	
25	KNFNFC2	0.7181	0.3745	0.9196	0.7705	0.8316	0.979	0.94	
26	KNFNFY1	0.2696	0.3733	0.9249	0.9005	0.5499	0.9423	0.9324	
27	KNFNFY2	0.2593	0.3727	0.9246	0.7747	0.5531	0.9448	0.8363	
28	KYFYFC1	0.7097	0.4887	0.7526	0.9019	0.859	0.9347	0.9736	
29	KYFYFC2	0.711	0.4824	0.7623	0.78	0.8638	0.9348	0.94	
30	KYFYFY1	0.2604	0.4713	0.7497	0.8984	0.6164	0.8301	0.932	
31	KYFYFY2	0.2635	0.4772	0.7528	0.7825	0.624	0.8241	0.849	
32	TNY--C1	0.7128	0.7226	0.8123	0.8994	0.9257	0.9494	0.9727	
33	TNY--C2	0.7089	0.7241	0.8125	0.7673	0.9233	0.947	0.9365	
34	TNY--Y1	0.2567	0.7251	0.806	0.901	0.8023	0.87	0.9329	
35	TNY--Y2	0.266	0.7328	0.8169	0.7822	0.807	0.8723	0.8364	
36	TYY--C1	0.716	0.8416	0.645	0.9051	0.9593	0.9038	0.973	
37	TYY--C2	0.7159	0.844	0.6373	0.7717	0.9566	0.9029	0.9416	
38	TYY--Y1	0.2574	0.8462	0.6389	0.9031	0.8884	0.7403	0.9309	
39	TYY--Y2	0.2605	0.8365	0.6433	0.7792	0.8881	0.7482	0.8436	
40	TNF--C1	0.716	0.6379	0.852	0.9032	0.8986	0.9579	0.9724	
41	TNF--C2	0.7162	0.6353	0.849	0.7746	0.8981	0.9534	0.9368	
42	TNF--Y1	0.2547	0.6331	0.8452	0.909	0.729	0.8909	0.9293	
43	TNF--Y2	0.2617	0.631	0.8485	0.7797	0.7377	0.8911	0.8431	
44	TYF--C1	0.7163	0.7321	0.7233	0.9089	0.924	0.9254	0.9729	
45	TYF--C2	0.7181	0.7405	0.7122	0.7683	0.9276	0.9223	0.9416	
46	TYF--Y1	0.2639	0.7274	0.7117	0.9019	0.8112	0.7968	0.9288	
47	TYF--Y2	0.2642	0.724	0.7173	0.7693	0.804	0.803	0.8372	
48	TNYNYC1	0.7154	0.5238	0.8214	0.8983	0.8689	0.9499	0.9697	
49	TNYNYC2	0.7137	0.5298	0.8098	0.7697	0.8725	0.9537	0.9432	
50	TNYNYY1	0.2558	0.5386	0.8112	0.9063	0.661	0.8701	0.9306	
51	TNYNYY2	0.2615	0.5275	0.8136	0.7768	0.6646	0.8691	0.8386	
52	TYYYYC1	0.7106	0.6809	0.6326	0.9029	0.9142	0.9027	0.9749	
53	TYYYYC2	0.7135	0.6869	0.6329	0.7801	0.9167	0.9058	0.9445	
54	TYYYYY1	0.2586	0.6757	0.6493	0.9043	0.7721	0.741	0.9301	
55	TYYYYY2	0.2659	0.6818	0.6388	0.7757	0.7655	0.7471	0.8394	
56	TNFNFC1	0.7118	0.4301	0.8501	0.9077	0.8404	0.958	0.972	
57	TNFNFC2	0.7167	0.4333	0.848	0.7727	0.8446	0.963	0.9428	
58	TNFNFY1	0.2613	0.429	0.8466	0.9061	0.588	0.893	0.9284	
59	TNFNFY2	0.2678	0.4286	0.8495	0.7736	0.5845	0.8921	0.8422	
60	TYFYFC1	0.7099	0.5342	0.7147	0.9022	0.8755	0.9311	0.9728	
61	TYFYFC2	0.7176	0.5292	0.7149	0.7778	0.8716	0.9226	0.9416	
62	TYFYFY1	0.2576	0.5304	0.7154	0.9052	0.6674	0.7997	0.9342	
63	TYFYFY2	0.2572	0.5362	0.7228	0.7781	0.6551	0.7999	0.8396