1	
1	
1	
1	
1	
1	
1	
1	
1	
1	
1	
1	
1	
1	
1	
1	
1	
1	
1	
1	
1	
1	
1	
1	
1	
1	
1	
1	
1	
1	
1	
1	
1	
1	
1	
1	
1	
1	
1	
1	
1	
1	
1	
1	
1	
1	
1	
1	
1	
1	
1	
1	
1	
1	
1	
1	
1	
1	
1	
1	
1	
1	
1	
1	
1	
1	
1	
1	
1	
1	
1	
1	
1	
1	
1	
1	
1	
1	
1	
1	
1	
1	
1	
1	
1	
1	
1	
1	
1	
1	
1	
1	
1	
1	
1	
1	
1	
1	
1	
1	
1	
1	
1	
1	
1	
1	
1	
1	
1	
1	
1	
1	
1	
1	
1	
1	
1	
1	
1	
1	
1	
0.997899	0.000385869	0	0	0	0.00171497	0	0	0	0	
0.993073	0.00107406	0	0	0	0.00580617	0	0	0	0	0	4.66984e-05	0	0	0	
0.985027	0.00189724	0	0	0	0.0130756	0	0	0	0	0	0	0	0	0	0	0	0	0	0	
0.976059	0.00257045	0	0	0	0.0212015	0	0	0	0	0	0.000112575	0	0	0	0	0	0	0	0	0	0	5.62873e-05	
0.968577	0.00375505	0	0	0	0.0275439	0	0	0	0	0	0.000123793	0	0	0	0	0	0	0	0	0	0	0	
0.962025	0.00449001	0	0	0	0.0333512	0	0	0	0	0	0	0	0	0	0	0	0	0	0	0	0	0.00013403	0	0	0	
0.958912	0.0055668	0	0	0	0.0353769	0	0	0	0	0	0	0	0	0	0	0	0	0	0	0	0	0.000144592	0	0	0	0	
0.956588	0.00660844	0	0	0	0.0364946	0	0	0	0	0	0	0	0	0	0	0	0	0	0	0	0	0.000309167	0	0	0	0	0	0	0	
0.957669	0.00572258	0	0	0	0.0361152	0	0	0	0	0	0	0	0	0	0	0	0	0	0	0	0	0.000492854	0	0	0	0	0	0	0	0	0	
0.956702	0.00721638	0	0	0	0.0353919	0	0	0	0	0.000172503	0	0	0	0	0	0	0	0	0	0	0	0.000517509	0	0	0	0	0	0	0	0	0	0	
0.951402	0.00690862	0	0	0	0.0409773	0	0	0	0	0.000177904	0	0	0	0	0	0	0	0	0	0	0	0.000533713	0	0	0	0	0	0	0	0	0	0	0	
0.947248	0.00886817	0	0	0	0.0429695	0	0	0	0	0.000274273	0	0	0	0	0	0	0	0	0	0	0	0.000639971	0	0	0	0	0	0	0	0	0	0	0	0	
0.947647	0.00844912	0	0	0	0.0421204	0	0	0	0	0.000657154	0	0	0	0	0	0	0	0	0	0	0	0.00112655	0	0	0	0	0	0	0	0	0	0	0	0	
0.94416	0.00902184	0	0	0	0.0445394	0	0	0	0	0.000949668	0	0	0	0	0	0	0	0	0	0	0	0.00132953	0	0	0	0	0	0	0	0	0	0	0	0	0	
0.942174	0.0116337	0	0	0	0.0441396	0	0	0	0	0.00055991	0	0	0	0	0	0	0	0	0	0	0	0.00149309	0	0	0	0	0	0	0	0	0	0	0	0	0	
0.936521	0.0147188	0	0	0	0.0464111	0	0	0	0	0.000657648	0	0	0	0	0	0	0	0	0	0	0	0.00169109	0	0	0	0	0	0	0	0	0	0	0	0	0	
0.934896	0.0165349	0	0	0	0.0445218	0	0	0	0	0.000847139	0	0	0	0	0	0	0	0	0	0	0	0.0032003	0	0	0	0	0	0	0	0	0	0	0	0	0	0	0	
0.929065	0.0194393	0	0	0	0.0465421	0	0	0	0	0.000747664	0	0	0	0	0	0	0	0	0	0	0	0.00420561	0	0	0	0	0	0	0	0	0	0	0	0	0	0	0	0	0	
0.923789	0.023661	0	0	0	0.0465884	0	0	0	0	0.000733676	0	0	0	0	0	0	0	0	0	0	0	0.00522744	0	0	0	0	0	0	0	0	0	0	0	0	0	0	0	0	0	0	
0.920224	0.02557	0	0	0	0.0469727	0	0	0	0	0.000625112	0	0	0	0	0	0	0	0	0	0	0	0.00660832	0	0	0	0	0	0	0	0	0	0	0	0	0	0	0	0	0	0	
0.914238	0.0286838	0	0	0	0.0503123	0	0	0	0	0.000173491	0	0	0	0	0	0	0	0	0	0	0	0.00659264	0	0	0	0	0	0	0	0	0	0	0	0	0	0	0	0	0	0	0	0	0	
0.907257	0.0323053	0	0	0	0.0525065	0	0	0	0	0.00016581	0.00016581	0	0	0	0	0	0	0	0	0	0	0.00759962	0	0	0	0	0	0	0	0	0	0	0	0	0	0	0	0	0	0	0	0	0	
0.904689	0.0330758	0	0	0	0.0530876	0	0	0	0	0.000160953	0.000160953	0	0	0	0	0	0	0	0	0	0	0.00882558	0	0	0	0	0	0	0	0	0	0	0	0	0	0	0	0	0	0	0	0	0	0	
0.895957	0.0380633	0	0	0	0.0552347	0	0	0	0	0.000156104	0.000156104	0	0	0	0	0	0	0	0	0	0	0.0104329	0	0	0	0	0	0	0	0	0	0	0	0	0	0	0	0	0	0	0	0	0	0	
0.886816	0.0428925	0	0	0	0.0598271	0	0	0	0	0.000151653	0	0	0	0	0	0	0	0	0	0	0	0.0103124	0	0	0	0	0	0	0	0	0	0	0	0	0	0	0	0	0	0	0	0	0	0	0	
0.881193	0.0483551	0	0	0	0.0611623	0	0	0	0	0.000148633	0	0	0	0	0	0	0	0	0	0	0	0.0091409	0	0	0	0	0	0	0	0	0	0	0	0	0	0	0	0	0	0	0	0	0	0	0	0	
0.870916	0.0560099	0	0	0	0.0644162	0	0	0	0	0.000143493	0	0	0	0	0	0	0	0	0	0	0	0.00851389	0	0	0	0	0	0	0	0	0	0	0	0	0	0	0	0	0	0	0	0	0	0	0	0	
0.862863	0.0604388	0	0	0	0.0675912	0	0	0	0	0	0	0	0	0	0	0	0	0	0	0	0	0.00910722	0	0	0	0	0	0	0	0	0	0	0	0	0	0	0	0	0	0	0	0	0	0	0	0	
0.85531	0.0670484	0	0	0	0.0675792	0	0	0	0	0	0	0	0	0	0	0	0	0	0	0	0	0.0100623	0	0	0	0	0	0	0	0	0	0	0	0	0	0	0	0	0	0	0	0	0	0	0	0	
